Mat1
matrices/mat1.bin	47300	390192	1	1	0.00092361
matrices/mat1.bin	47300	390192	1	2	0.00089432
matrices/mat1.bin	47300	390192	1	3	0.00087841
matrices/mat1.bin	47300	390192	2	1	0.000558491
matrices/mat1.bin	47300	390192	2	2	0.00232727
matrices/mat1.bin	47300	390192	2	3	0.000534949
matrices/mat1.bin	47300	390192	3	1	0.000542171
matrices/mat1.bin	47300	390192	3	2	0.0018214
matrices/mat1.bin	47300	390192	3	3	0.000671241
matrices/mat1.bin	47300	390192	4	1	0.00083216
matrices/mat1.bin	47300	390192	4	2	0.00173251
matrices/mat1.bin	47300	390192	4	3	0.00087851
matrices/mat1.bin	47300	390192	5	1	0.000630019
matrices/mat1.bin	47300	390192	5	2	0.00196849
matrices/mat1.bin	47300	390192	5	3	0.00048378
matrices/mat1.bin	47300	390192	6	1	0.00052696
matrices/mat1.bin	47300	390192	6	2	0.00161911
matrices/mat1.bin	47300	390192	6	3	0.000499098
matrices/mat1.bin	47300	390192	7	1	0.000696862
matrices/mat1.bin	47300	390192	7	2	0.00246631
matrices/mat1.bin	47300	390192	7	3	0.00101035
matrices/mat1.bin	47300	390192	8	1	0.00106128
matrices/mat1.bin	47300	390192	8	2	0.00188127
matrices/mat1.bin	47300	390192	8	3	0.00052289
matrices/mat1.bin	47300	390192	9	1	0.000569661
matrices/mat1.bin	47300	390192	9	2	0.00169981
matrices/mat1.bin	47300	390192	9	3	0.000683
matrices/mat1.bin	47300	390192	10	1	0.000579729
matrices/mat1.bin	47300	390192	10	2	0.00164466
matrices/mat1.bin	47300	390192	10	3	0.000455098
matrices/mat1.bin	47300	390192	11	1	0.00053853
matrices/mat1.bin	47300	390192	11	2	0.00184768
matrices/mat1.bin	47300	390192	11	3	0.000454781
matrices/mat1.bin	47300	390192	12	1	0.000526922
matrices/mat1.bin	47300	390192	12	2	0.00190805
matrices/mat1.bin	47300	390192	12	3	0.000467229
matrices/mat1.bin	47300	390192	13	1	0.00068223
matrices/mat1.bin	47300	390192	13	2	0.00180619
matrices/mat1.bin	47300	390192	13	3	0.000497072
matrices/mat1.bin	47300	390192	14	1	0.00062053
matrices/mat1.bin	47300	390192	14	2	0.00175191
matrices/mat1.bin	47300	390192	14	3	0.000516748
matrices/mat1.bin	47300	390192	15	1	0.00055043
matrices/mat1.bin	47300	390192	15	2	0.00164273
matrices/mat1.bin	47300	390192	15	3	0.000500131
matrices/mat1.bin	47300	390192	16	1	0.00081794
matrices/mat1.bin	47300	390192	16	2	0.00226742
matrices/mat1.bin	47300	390192	16	3	0.00056114
matrices/mat1.bin	47300	390192	17	1	0.00058316
matrices/mat1.bin	47300	390192	17	2	0.00227146
matrices/mat1.bin	47300	390192	17	3	0.000583441
matrices/mat1.bin	47300	390192	18	1	0.000589921
matrices/mat1.bin	47300	390192	18	2	0.00177815
matrices/mat1.bin	47300	390192	18	3	0.00113321
matrices/mat1.bin	47300	390192	19	1	0.000720379
matrices/mat1.bin	47300	390192	19	2	0.00183111
matrices/mat1.bin	47300	390192	19	3	0.000506392
matrices/mat1.bin	47300	390192	20	1	0.00139817
matrices/mat1.bin	47300	390192	20	2	0.00254313
matrices/mat1.bin	47300	390192	20	3	0.00087692
matrices/mat1.bin	47300	390192	21	1	0.00086705
matrices/mat1.bin	47300	390192	21	2	0.00246455
matrices/mat1.bin	47300	390192	21	3	0.000872509
matrices/mat1.bin	47300	390192	22	1	0.000604689
matrices/mat1.bin	47300	390192	22	2	0.00168902
matrices/mat1.bin	47300	390192	22	3	0.00050086
matrices/mat1.bin	47300	390192	23	1	0.000842631
matrices/mat1.bin	47300	390192	23	2	0.00207145
matrices/mat1.bin	47300	390192	23	3	0.000492291
matrices/mat1.bin	47300	390192	24	1	0.00072089
matrices/mat1.bin	47300	390192	24	2	0.0019713
matrices/mat1.bin	47300	390192	24	3	0.000574131
