Mat2
matrices/mat2.bin	65086	461286	1	1	0.000968461
matrices/mat2.bin	65086	461286	1	2	0.00109153
matrices/mat2.bin	65086	461286	1	3	0.00111698
matrices/mat2.bin	65086	461286	2	1	0.000589619
matrices/mat2.bin	65086	461286	2	2	0.0031819
matrices/mat2.bin	65086	461286	2	3	0.00057869
matrices/mat2.bin	65086	461286	3	1	0.000566461
matrices/mat2.bin	65086	461286	3	2	0.00265289
matrices/mat2.bin	65086	461286	3	3	0.0009763
matrices/mat2.bin	65086	461286	4	1	0.0014824
matrices/mat2.bin	65086	461286	4	2	0.00323809
matrices/mat2.bin	65086	461286	4	3	0.000574579
matrices/mat2.bin	65086	461286	5	1	0.000607259
matrices/mat2.bin	65086	461286	5	2	0.00235159
matrices/mat2.bin	65086	461286	5	3	0.00062541
matrices/mat2.bin	65086	461286	6	1	0.000599601
matrices/mat2.bin	65086	461286	6	2	0.00266328
matrices/mat2.bin	65086	461286	6	3	0.000528309
matrices/mat2.bin	65086	461286	7	1	0.000880599
matrices/mat2.bin	65086	461286	7	2	0.00289359
matrices/mat2.bin	65086	461286	7	3	0.000526669
matrices/mat2.bin	65086	461286	8	1	0.00060627
matrices/mat2.bin	65086	461286	8	2	0.00236717
matrices/mat2.bin	65086	461286	8	3	0.00054796
matrices/mat2.bin	65086	461286	9	1	0.000599041
matrices/mat2.bin	65086	461286	9	2	0.00237791
matrices/mat2.bin	65086	461286	9	3	0.000560069
matrices/mat2.bin	65086	461286	10	1	0.000618248
matrices/mat2.bin	65086	461286	10	2	0.00285934
matrices/mat2.bin	65086	461286	10	3	0.000652311
matrices/mat2.bin	65086	461286	11	1	0.0006146
matrices/mat2.bin	65086	461286	11	2	0.00225728
matrices/mat2.bin	65086	461286	11	3	0.000592661
matrices/mat2.bin	65086	461286	12	1	0.000764909
matrices/mat2.bin	65086	461286	12	2	0.0023119
matrices/mat2.bin	65086	461286	12	3	0.00054358
matrices/mat2.bin	65086	461286	13	1	0.000595121
matrices/mat2.bin	65086	461286	13	2	0.00246043
matrices/mat2.bin	65086	461286	13	3	0.00057699
matrices/mat2.bin	65086	461286	14	1	0.00061029
matrices/mat2.bin	65086	461286	14	2	0.00309629
matrices/mat2.bin	65086	461286	14	3	0.000559511
matrices/mat2.bin	65086	461286	15	1	0.000614648
matrices/mat2.bin	65086	461286	15	2	0.00244833
matrices/mat2.bin	65086	461286	15	3	0.000716908
matrices/mat2.bin	65086	461286	16	1	0.000632598
matrices/mat2.bin	65086	461286	16	2	0.00221074
matrices/mat2.bin	65086	461286	16	3	0.000641479
matrices/mat2.bin	65086	461286	17	1	0.0008413
matrices/mat2.bin	65086	461286	17	2	0.00254637
matrices/mat2.bin	65086	461286	17	3	0.000637321
matrices/mat2.bin	65086	461286	18	1	0.000776348
matrices/mat2.bin	65086	461286	18	2	0.00249087
matrices/mat2.bin	65086	461286	18	3	0.00123115
matrices/mat2.bin	65086	461286	19	1	0.00073956
matrices/mat2.bin	65086	461286	19	2	0.00295728
matrices/mat2.bin	65086	461286	19	3	0.000844319
matrices/mat2.bin	65086	461286	20	1	0.000587449
matrices/mat2.bin	65086	461286	20	2	0.00273143
matrices/mat2.bin	65086	461286	20	3	0.0008008
matrices/mat2.bin	65086	461286	21	1	0.0011597
matrices/mat2.bin	65086	461286	21	2	0.00254236
matrices/mat2.bin	65086	461286	21	3	0.000604079
matrices/mat2.bin	65086	461286	22	1	0.000796821
matrices/mat2.bin	65086	461286	22	2	0.00272957
matrices/mat2.bin	65086	461286	22	3	0.00103969
matrices/mat2.bin	65086	461286	23	1	0.0008184
matrices/mat2.bin	65086	461286	23	2	0.00246429
matrices/mat2.bin	65086	461286	23	3	0.000766752
matrices/mat2.bin	65086	461286	24	1	0.00064872
matrices/mat2.bin	65086	461286	24	2	0.00243294
matrices/mat2.bin	65086	461286	24	3	0.000598321
