Mat3
matrices/mat3.bin	373315	7220836	1	1	0.0148402
matrices/mat3.bin	373315	7220836	1	2	0.0145937
matrices/mat3.bin	373315	7220836	1	3	0.0140849
matrices/mat3.bin	373315	7220836	2	1	0.0117972
matrices/mat3.bin	373315	7220836	2	2	0.0221676
matrices/mat3.bin	373315	7220836	2	3	0.0127103
matrices/mat3.bin	373315	7220836	3	1	0.0123182
matrices/mat3.bin	373315	7220836	3	2	0.0189832
matrices/mat3.bin	373315	7220836	3	3	0.0118691
matrices/mat3.bin	373315	7220836	4	1	0.0131288
matrices/mat3.bin	373315	7220836	4	2	0.0204063
matrices/mat3.bin	373315	7220836	4	3	0.0148968
matrices/mat3.bin	373315	7220836	5	1	0.011024
matrices/mat3.bin	373315	7220836	5	2	0.0193746
matrices/mat3.bin	373315	7220836	5	3	0.0111219
matrices/mat3.bin	373315	7220836	6	1	0.0108432
matrices/mat3.bin	373315	7220836	6	2	0.0180257
matrices/mat3.bin	373315	7220836	6	3	0.0109138
matrices/mat3.bin	373315	7220836	7	1	0.0104634
matrices/mat3.bin	373315	7220836	7	2	0.0183339
matrices/mat3.bin	373315	7220836	7	3	0.0105724
matrices/mat3.bin	373315	7220836	8	1	0.0106217
matrices/mat3.bin	373315	7220836	8	2	0.017895
matrices/mat3.bin	373315	7220836	8	3	0.0104352
matrices/mat3.bin	373315	7220836	9	1	0.0104665
matrices/mat3.bin	373315	7220836	9	2	0.0183307
matrices/mat3.bin	373315	7220836	9	3	0.010594
matrices/mat3.bin	373315	7220836	10	1	0.00989435
matrices/mat3.bin	373315	7220836	10	2	0.018107
matrices/mat3.bin	373315	7220836	10	3	0.00957703
matrices/mat3.bin	373315	7220836	11	1	0.00901059
matrices/mat3.bin	373315	7220836	11	2	0.0183729
matrices/mat3.bin	373315	7220836	11	3	0.00872339
matrices/mat3.bin	373315	7220836	12	1	0.00876286
matrices/mat3.bin	373315	7220836	12	2	0.019348
matrices/mat3.bin	373315	7220836	12	3	0.00940597
matrices/mat3.bin	373315	7220836	13	1	0.00863725
matrices/mat3.bin	373315	7220836	13	2	0.0195775
matrices/mat3.bin	373315	7220836	13	3	0.00940635
matrices/mat3.bin	373315	7220836	14	1	0.00883623
matrices/mat3.bin	373315	7220836	14	2	0.0185372
matrices/mat3.bin	373315	7220836	14	3	0.00863736
matrices/mat3.bin	373315	7220836	15	1	0.00882952
matrices/mat3.bin	373315	7220836	15	2	0.0182509
matrices/mat3.bin	373315	7220836	15	3	0.0085769
matrices/mat3.bin	373315	7220836	16	1	0.00863852
matrices/mat3.bin	373315	7220836	16	2	0.018478
matrices/mat3.bin	373315	7220836	16	3	0.00855315
matrices/mat3.bin	373315	7220836	17	1	0.00871139
matrices/mat3.bin	373315	7220836	17	2	0.0184626
matrices/mat3.bin	373315	7220836	17	3	0.00870806
matrices/mat3.bin	373315	7220836	18	1	0.00866409
matrices/mat3.bin	373315	7220836	18	2	0.0182735
matrices/mat3.bin	373315	7220836	18	3	0.00845764
matrices/mat3.bin	373315	7220836	19	1	0.00833749
matrices/mat3.bin	373315	7220836	19	2	0.0180804
matrices/mat3.bin	373315	7220836	19	3	0.00855695
matrices/mat3.bin	373315	7220836	20	1	0.00848805
matrices/mat3.bin	373315	7220836	20	2	0.0203221
matrices/mat3.bin	373315	7220836	20	3	0.00926838
matrices/mat3.bin	373315	7220836	21	1	0.00839816
matrices/mat3.bin	373315	7220836	21	2	0.0197113
matrices/mat3.bin	373315	7220836	21	3	0.0093965
matrices/mat3.bin	373315	7220836	22	1	0.00986694
matrices/mat3.bin	373315	7220836	22	2	0.0184042
matrices/mat3.bin	373315	7220836	22	3	0.00845939
matrices/mat3.bin	373315	7220836	23	1	0.00860522
matrices/mat3.bin	373315	7220836	23	2	0.0183201
matrices/mat3.bin	373315	7220836	23	3	0.00874456
matrices/mat3.bin	373315	7220836	24	1	0.00874964
matrices/mat3.bin	373315	7220836	24	2	0.019073
matrices/mat3.bin	373315	7220836	24	3	0.0082417
